Number1,Number2,Number3,Number4,Number5,Number6,SpecialNumber
8,12,31,39,43,45,2.4
5,10,11,22,25,27,2.4
18,19,20,26,45,49,2.4
2,11,14,37,40,45,2.4
8,10,15,35,39,49,2.4
24,26,31,35,43,47,2.4
13,20,23,29,38,44,2.4
8,13,15,22,38,47,2.4
3,10,27,29,34,42,2.4
4,5,6,13,23,25,2.4
1,7,13,15,21,39,2.4
2,4,31,38,39,46,2.4
15,18,22,26,33,38,2.4
2,4,11,18,25,48,2.4
2,8,28,31,32,33,2.4
10,13,19,21,32,34,2.4
16,24,25,29,32,36,2.4
10,11,12,31,32,33,2.4
5,16,23,30,32,46,2.4
3,5,11,14,33,48,2.4
4,9,16,19,28,39,2.4
13,19,21,24,30,36,2.4
8,14,24,26,30,33,2.4
1,11,14,25,44,49,2.4
3,6,13,22,27,33,2.4
1,13,19,21,27,35,2.4
2,5,15,20,30,48,2.4
4,19,21,32,34,37,2.4
1,6,17,27,40,44,2.4
8,20,39,41,45,49,2.4
5,16,17,38,40,48,2.4
6,16,21,25,43,48,2.4
5,10,16,18,40,42,2.4
1,15,16,19,47,48,2.4
4,12,30,35,46,48,2.4
2,8,9,12,16,30,2.4
18,22,27,31,35,36,2.4
22,24,37,40,41,45,2.4
1,9,14,27,32,34,2.4
13,21,28,36,39,40,2.4
8,19,28,30,31,47,2.4
1,7,9,14,45,48,2.4
2,6,18,20,40,49,2.4
5,8,14,26,32,44,2.4
11,17,24,35,42,47,2.4
7,12,19,36,42,49,2.4
8,15,24,27,37,46,2.4
2,20,22,36,37,45,2.4
1,24,30,37,47,48,2.4
9,15,29,33,43,44,2.4
12,34,35,43,44,49,2.4
1,15,29,30,31,33,2.4
1,21,22,25,34,47,2.4
2,8,11,39,41,45,2.4
8,26,28,36,43,49,2.4
11,14,19,22,23,25,2.4
5,8,10,26,30,42,2.4
2,6,9,36,38,42,2.4
3,7,9,25,42,48,2.4
4,8,10,32,42,45,2.4
3,15,18,35,42,43,2.4
4,5,9,19,27,32,2.4
13,16,35,40,41,42,2.4
4,28,38,40,45,46,2.4
8,17,22,27,31,41,2.4
1,2,8,17,28,40,2.4
7,16,27,33,41,43,2.4
1,20,41,42,43,44,2.4
13,14,25,29,33,47,2.4
17,23,29,39,41,45,2.4
2,14,22,44,48,49,2.4
3,7,13,15,16,47,2.4
10,11,28,38,48,49,2.4
9,16,21,24,27,35,2.4
1,7,17,18,29,33,2.4
19,21,22,25,36,44,2.4
2,4,22,31,32,43,2.4
4,9,16,26,27,46,2.4
34,35,37,38,39,45,2.4
17,21,27,35,41,49,2.4
30,31,32,41,46,49,2.4
10,16,23,26,30,39,2.4
13,16,18,19,30,35,2.4
9,23,26,29,31,42,2.4
12,16,21,28,36,49,2.4
4,11,14,23,36,44,2.4
8,15,17,33,34,48,2.4
1,2,13,17,37,42,2.4
16,25,31,32,45,49,2.4
5,8,18,21,38,39,2.4
8,10,31,34,39,41,2.4
11,29,31,36,44,45,2.4
6,11,16,18,35,45,2.4
9,21,24,25,33,39,2.4
18,19,32,33,38,45,2.4
1,3,10,34,35,41,2.4
11,13,14,28,29,33,2.4
2,22,23,33,41,43,2.4
17,21,22,27,29,33,2.4
4,19,21,40,42,49,2.4
1,9,11,12,35,46,2.4
8,18,23,44,45,46,2.4
7,11,25,34,37,45,2.4
8,10,11,12,38,44,2.4
17,26,36,41,48,49,2.4
5,7,19,28,45,48,2.4
1,2,26,36,42,44,2.4
4,14,15,22,23,34,2.4
3,11,13,15,31,38,2.4
5,7,14,18,40,48,2.4
9,15,35,37,43,44,2.4
13,26,30,32,45,46,2.4
2,3,13,15,26,31,2.4
3,17,20,32,37,47,2.4
9,16,21,27,36,42,2.4
4,9,16,17,30,38,2.4
5,7,21,36,38,49,2.4
11,16,36,37,41,47,2.4
5,17,20,23,32,34,2.4
12,29,32,34,37,49,2.4
11,12,14,16,19,48,2.4
1,11,17,21,23,38,2.4
10,22,37,39,42,44,2.4
14,26,28,31,36,39,2.4
6,23,25,29,30,34,2.4
5,9,12,29,34,47,2.4
6,9,13,18,35,36,2.4
1,6,12,14,27,45,2.4
6,17,22,34,37,45,2.4
7,14,16,19,20,30,2.4
1,2,4,5,23,36,2.4
8,14,23,26,37,41,2.4
9,22,27,36,45,49,2.4
8,13,20,21,23,26,2.4
8,10,12,27,33,35,2.4
1,18,27,32,33,35,2.4
2,5,10,19,42,46,2.4
12,15,17,26,40,42,2.4
5,12,22,25,36,47,2.4
12,15,25,34,45,46,2.4
22,24,27,30,37,43,2.4
4,8,24,32,34,47,2.4
3,6,16,23,31,35,2.4
5,15,18,28,41,43,2.4
1,14,19,23,44,45,2.4
1,3,10,20,30,46,2.4
9,20,30,37,40,47,2.4
15,18,28,38,40,46,2.4
1,13,14,19,20,44,2.4
14,16,32,35,38,49,2.4
3,6,11,15,27,48,2.4
2,6,7,12,20,47,2.4
3,4,12,20,34,40,2.4
10,12,18,36,39,49,2.4
27,28,33,34,41,44,2.4
2,4,10,16,38,44,2.4
4,10,28,40,43,45,2.4
2,4,22,25,26,40,2.4
13,17,19,22,26,40,2.4
3,6,7,18,20,29,2.4
8,12,13,20,39,46,2.4
9,14,21,25,35,42,2.4
7,18,20,25,29,46,2.4
16,17,21,29,37,48,2.4
34,35,38,39,40,44,2.4
1,14,28,34,41,43,2.4
10,17,20,24,32,33,2.4
3,12,16,22,30,38,2.4
13,15,31,32,38,40,2.4
3,16,17,28,31,49,2.4
10,12,13,21,25,35,2.4
3,13,17,19,20,37,2.4
33,39,41,43,46,48,2.4
7,11,14,20,35,45,2.4
13,14,27,31,35,40,2.4
7,21,23,29,39,43,2.4
3,24,25,29,43,48,2.4
6,10,12,16,20,48,2.4
16,17,18,21,29,38,2.4
8,15,21,22,38,46,2.4
5,17,27,29,31,37,2.4
2,3,6,28,39,41,2.4
4,14,20,34,43,44,2.4
8,11,17,33,35,47,2.4
5,9,10,29,39,41,2.4
21,28,38,40,43,49,2.4
1,13,17,19,36,44,2.4
12,26,36,37,44,46,2.4
6,7,20,27,34,49,2.4
3,7,9,14,17,41,2.4
4,7,30,34,35,47,2.4
11,25,32,34,36,42,2.4
4,10,19,28,41,43,2.4
8,17,30,36,39,49,2.4
6,15,17,20,34,41,2.4
2,12,25,28,37,38,2.4
3,4,5,10,20,22,2.4
1,5,10,14,28,42,2.4
1,7,9,28,33,44,2.4
25,31,32,33,36,46,2.4
4,19,24,42,44,47,2.4
15,18,20,21,25,30,2.4
8,12,13,24,30,37,2.4
5,14,20,23,25,28,2.4
2,3,27,37,38,40,2.4
5,15,27,37,45,48,2.4
6,14,16,26,34,42,2.4
8,16,26,36,40,41,2.4
4,11,14,37,39,46,2.4
3,22,23,28,40,43,2.4
2,5,8,10,14,45,2.4
7,24,33,35,37,40,2.4
7,10,15,31,34,37,2.4
11,14,28,29,36,45,2.4
4,7,16,38,39,47,2.4
10,21,25,31,33,45,2.4
2,22,26,35,38,47,2.4
10,15,27,31,42,44,2.4
7,17,20,26,33,48,2.4
9,25,26,27,33,40,2.4
6,12,16,29,42,44,2.4
1,2,4,9,40,48,2.4
2,7,9,23,26,47,2.4
6,7,17,33,38,48,2.4
5,23,31,44,47,49,2.4
8,13,21,30,35,47,2.4
1,16,28,36,40,46,2.4
12,18,21,22,30,45,2.4
3,4,10,31,47,48,2.4
2,9,11,15,17,48,2.4
13,19,30,31,33,38,2.4
9,13,20,26,31,40,2.4
1,14,17,19,37,39,2.4
1,7,27,30,37,42,2.4
5,7,23,35,40,41,2.4
8,11,12,14,16,30,2.4
4,6,7,13,26,29,2.4
19,32,39,43,45,48,2.4
7,13,18,21,23,24,2.4
4,15,16,19,35,43,2.4
5,7,22,25,34,47,2.4
5,14,21,26,40,44,2.4
5,12,13,23,24,41,2.4
9,18,23,31,38,39,2.4
1,3,32,40,45,47,2.4
4,6,15,27,44,47,2.4
3,7,10,19,24,31,2.4
3,10,13,26,28,39,2.4
1,8,18,19,33,45,2.4
1,16,24,36,42,43,2.4
6,22,23,24,38,47,2.4
5,7,17,19,36,39,2.4
7,27,32,34,36,41,2.4
11,17,32,40,46,48,2.4
6,9,13,20,24,26,2.4
5,17,19,34,40,46,2.4
8,11,18,24,33,40,2.4
21,24,33,36,38,46,2.4
6,16,30,35,37,49,2.4
5,14,20,27,33,41,2.4
3,7,21,25,33,37,2.4
4,6,14,18,39,49,2.4
2,5,8,15,22,28,2.4
14,15,28,36,44,47,2.4
7,11,13,19,42,46,2.4
1,3,12,22,26,32,2.4
28,33,34,38,40,46,2.4
4,6,7,16,22,37,2.4
17,23,29,30,46,49,2.4
2,5,12,16,22,47,2.4
17,24,25,26,33,48,2.4
10,31,32,36,45,46,2.4
14,33,34,38,40,42,2.4
4,5,10,15,32,49,2.4
3,12,24,27,44,45,2.4
6,15,18,35,36,47,2.4
12,18,25,30,32,39,2.4
18,23,25,26,37,40,2.4
10,17,27,31,38,39,2.4
6,7,23,27,31,41,2.4
5,8,22,33,39,48,2.4
5,10,18,29,30,44,2.4
8,9,13,15,23,38,2.4
6,9,30,31,34,39,2.4
1,17,21,22,29,34,2.4
7,9,17,22,28,31,2.4
5,13,39,46,47,48,2.4
1,7,38,40,43,48,2.4
7,28,31,32,33,37,2.4
1,6,10,15,28,32,2.4
14,16,19,37,47,48,2.4
7,17,19,26,28,45,2.4
1,2,11,21,30,43,2.4
4,22,27,38,39,43,2.4
6,16,30,41,43,47,2.4
11,14,24,34,36,44,2.4
3,8,12,14,22,45,2.4
4,9,10,22,31,35,2.4
17,31,37,46,47,49,2.4
4,7,11,12,38,48,2.4
10,20,27,28,29,37,2.4
25,27,29,31,32,46,2.4
25,27,33,41,47,48,2.4
16,21,29,33,43,47,2.4
7,23,27,34,36,47,2.4
5,6,16,23,37,44,2.4
5,14,21,28,47,48,2.4
9,13,19,31,35,40,2.4
5,8,14,16,33,47,2.4
5,6,13,16,20,23,2.4
10,19,20,36,42,45,2.4
11,23,24,26,38,42,2.4
16,25,27,30,38,39,2.4
8,10,11,13,33,41,2.4
4,32,34,44,45,47,2.4
8,17,32,42,43,48,2.4
1,14,20,22,42,49,2.4
2,9,10,14,32,39,2.4
1,10,27,28,38,39,2.4
21,29,34,35,36,37,2.4
6,9,17,24,27,38,2.4
5,7,12,17,21,42,2.4
8,17,20,28,33,39,2.4
2,10,23,28,44,48,2.4
1,27,34,40,44,46,2.4
4,19,22,41,42,46,2.4
13,26,31,38,42,48,2.4
4,8,11,17,28,40,2.4
4,10,15,23,42,48,2.4
20,22,25,26,27,28,2.4
8,9,16,20,22,35,2.4
2,4,6,7,17,44,2.4
14,19,20,36,37,45,2.4
3,19,23,25,29,42,2.4
5,9,15,29,34,38,2.4
1,7,15,26,44,46,2.4
2,3,6,15,22,32,2.4
1,5,17,23,37,48,2.4
2,6,21,38,46,49,2.4
13,18,20,23,27,40,2.4
5,6,9,18,28,37,2.4
16,19,35,38,45,49,2.4
1,17,28,32,36,43,2.4
13,17,20,23,35,38,2.4
1,5,8,21,29,33,2.4
8,19,20,22,27,28,2.4
4,11,12,27,29,48,2.4
1,7,18,33,37,44,2.4
6,10,15,19,34,43,2.4
6,7,12,22,27,35,2.4
1,3,4,26,40,42,2.4
11,15,24,34,39,42,2.4
22,25,31,34,37,42,2.4
6,27,36,38,45,48,2.4
7,8,21,29,35,38,2.4
3,7,9,18,21,24,2.4
7,19,21,33,45,47,2.4
2,24,26,30,42,46,2.4
3,5,9,20,26,33,2.4
1,12,14,16,20,41,2.4
10,11,20,25,42,44,2.4
7,24,26,33,43,49,2.4
4,7,11,24,31,39,2.4
2,12,15,27,40,47,2.4
4,26,28,31,37,42,2.4
2,13,29,36,38,42,2.4
1,5,11,14,35,37,2.4
9,20,27,29,33,45,2.4
11,25,34,42,44,46,2.4
1,17,26,32,34,41,2.4
2,6,8,25,27,33,2.4
3,5,8,31,34,49,2.4
15,17,25,32,41,49,2.4
5,6,26,39,46,47,2.4
7,9,18,44,45,47,2.4
10,14,26,28,32,40,2.4
22,32,33,40,44,45,2.4
6,15,28,36,39,42,2.4
4,13,18,35,44,49,2.4
14,25,26,27,33,46,2.4
8,21,25,29,35,36,2.4
8,20,25,39,43,45,2.4
7,12,21,32,34,42,2.4
12,14,19,25,36,39,2.4
3,9,11,41,45,46,2.4
19,25,27,31,41,48,2.4
1,8,18,23,28,35,2.4
4,12,14,16,32,47,2.4
10,27,28,29,31,47,2.4
2,15,20,41,45,46,2.4
7,18,30,31,33,46,2.4
2,8,13,20,29,39,2.4
15,24,25,32,41,44,2.4
8,19,22,36,38,40,2.4
1,20,21,23,28,31,2.4
4,8,22,32,33,46,2.4
9,19,27,30,41,44,2.4
11,15,17,19,34,35,2.4
13,29,35,36,39,41,2.4
2,4,16,21,35,38,2.4
6,14,21,28,30,34,2.4
3,8,29,30,38,49,2.4
2,4,26,28,29,31,2.4
2,10,16,38,39,47,2.4
2,7,8,20,25,43,2.4
24,27,33,34,38,47,2.4
1,4,10,18,31,39,2.4
10,19,20,29,30,31,2.4
5,10,13,17,24,46,2.4
2,3,18,23,25,37,2.4
7,11,14,15,24,36,2.4
5,6,16,26,36,40,2.4
3,24,25,29,31,45,2.4
6,12,25,31,33,34,2.4
23,31,36,37,38,42,2.4
12,16,17,22,38,42,2.4
1,3,35,38,43,46,2.4
5,6,15,20,22,40,2.4
2,18,24,27,40,45,2.4
9,37,38,46,47,48,2.4
4,15,22,38,39,47,2.4
3,5,12,13,32,47,2.4
3,4,7,18,29,38,2.4
12,21,22,23,37,41,2.4
6,26,30,37,41,45,2.4
19,24,27,28,36,39,2.4
9,13,24,32,34,39,2.4
1,22,26,28,39,44,2.4
27,32,34,44,45,47,2.4
5,7,11,15,16,38,2.4
21,24,37,43,45,46,2.4
4,9,11,17,21,45,2.4
16,30,31,42,45,49,2.4
9,12,18,36,44,45,2.4
12,18,24,34,43,47,2.4
12,26,29,38,43,44,2.4
8,21,25,31,36,49,2.4
10,12,27,30,42,43,2.4
1,4,20,22,30,37,2.4
5,12,21,29,34,37,2.4
2,4,6,17,27,49,2.4
4,9,15,17,43,48,2.4
1,2,7,27,34,41,2.4
15,16,19,27,34,39,2.4
9,12,16,17,26,29,2.4
2,10,15,17,25,47,2.4
14,15,18,21,29,45,2.4
9,10,29,30,44,47,2.4
6,13,25,30,33,47,2.4
7,15,26,27,31,41,2.4
2,22,29,31,36,45,2.4
2,6,10,43,47,48,2.4
2,4,14,15,38,42,2.4
5,10,19,24,26,38,2.4
2,5,28,29,31,38,2.4
6,15,17,19,38,48,2.4
5,16,17,18,21,43,2.4
19,25,28,30,37,48,2.4
5,12,17,31,42,46,2.4
14,16,26,30,34,45,2.4
1,5,31,33,43,48,2.4
1,3,6,12,32,35,2.4
10,13,20,32,37,47,2.4
18,22,25,42,45,48,2.4
3,6,8,14,39,43,2.4
17,23,26,30,31,32,2.4
11,18,19,31,33,42,2.4
2,4,7,23,31,36,2.4
3,22,24,28,46,48,2.4
3,22,31,34,41,44,2.4
1,14,20,25,27,31,2.4
12,13,26,36,40,45,2.4
1,3,7,11,25,39,2.4
1,7,14,23,35,36,2.4
1,3,11,21,25,32,2.4
2,12,18,25,30,35,2.4
1,18,25,39,41,43,2.4
6,9,20,34,40,42,2.4
1,22,23,26,30,45,2.4
9,11,33,40,42,47,2.4
4,11,20,26,29,41,2.4
1,14,15,31,33,41,2.4
1,10,24,33,36,43,2.4
8,10,15,19,23,26,2.4
23,24,28,33,43,46,2.4
2,19,22,24,41,44,2.4
5,14,18,30,34,40,2.4
13,26,27,28,41,42,2.4
4,8,10,19,26,49,2.4
2,24,25,39,46,49,2.4
1,21,24,30,43,44,2.4
5,9,13,40,42,47,2.4
4,18,22,25,36,38,2.4
4,13,14,25,27,49,2.4
2,4,23,32,35,47,2.4
1,3,24,33,35,47,2.4
1,14,24,25,33,35,2.4
10,23,27,36,38,48,2.4
4,5,20,28,31,36,2.4
18,22,23,26,28,41,2.4
1,13,17,20,33,42,2.4
4,7,9,13,28,49,2.4
3,10,11,12,28,29,2.4
17,20,29,30,34,47,2.4
15,24,33,38,40,43,2.4
1,6,10,22,37,45,2.4
8,10,26,27,29,34,2.4
3,5,11,12,24,47,2.4
11,12,18,30,41,44,2.4
1,11,22,41,45,48,2.4
5,11,18,25,40,43,2.4
12,17,26,30,33,39,2.4
7,9,18,26,27,34,2.4
8,9,18,25,26,27,2.4
9,34,38,40,42,45,2.4
10,13,26,35,37,38,2.4
3,8,14,21,25,45,2.4
10,17,23,27,28,36,2.4
3,4,11,27,33,49,2.4
7,9,41,42,46,47,2.4
4,11,26,38,41,46,2.4
11,23,24,32,37,38,2.4
6,14,16,20,27,39,2.4
21,29,31,33,36,39,2.4
14,25,29,34,44,48,2.4
8,10,18,28,31,49,2.4
4,34,35,39,40,42,2.4
8,11,24,39,40,44,2.4
1,17,22,31,33,35,2.4
12,19,20,30,40,43,2.4
11,22,27,30,44,46,2.4
8,18,27,37,40,44,2.4
8,14,17,33,36,45,2.4
14,16,39,40,44,47,2.4
6,9,15,25,33,37,2.4
9,17,20,22,36,42,2.4
4,12,13,14,23,29,2.4
3,9,12,17,18,34,2.4
6,14,17,25,37,38,2.4
12,15,17,25,26,28,2.4
1,5,16,17,29,43,2.4
2,9,11,17,18,39,2.4
11,13,19,41,44,49,2.4
1,2,18,34,36,45,2.4
1,20,23,40,44,46,2.4
6,22,23,32,35,46,2.4
1,7,15,34,35,49,2.4
10,14,17,22,26,34,2.4
15,20,29,33,39,46,2.4
2,20,30,44,47,49,2.4
5,11,12,14,36,49,2.4
6,10,28,34,35,47,2.4
2,5,14,16,31,33,2.4
4,7,20,22,24,36,2.4
2,12,21,23,40,47,2.4
12,33,43,44,47,49,2.4
14,20,29,42,47,49,2.4
5,17,23,25,37,43,2.4
5,15,33,36,39,40,2.4
1,9,27,32,35,45,2.4
2,17,26,29,30,39,2.4
4,17,33,40,47,49,2.4
7,14,25,27,30,31,2.4
8,24,38,42,43,47,2.4
3,4,21,25,33,45,2.4
3,19,31,32,36,37,2.4
1,11,16,37,40,46,2.4
1,7,9,16,26,45,2.4
9,17,18,22,44,46,2.4
1,11,12,23,33,47,2.4
15,19,23,35,39,41,2.4
2,7,17,21,25,32,2.4
12,18,21,32,35,36,2.4
4,13,20,28,41,42,2.4
17,27,30,34,38,46,2.4
1,8,15,16,17,42,2.4
6,12,21,25,27,30,2.4
7,16,17,19,28,49,2.4
7,18,26,32,35,37,2.4
22,25,38,42,44,45,2.4
7,11,18,21,30,35,2.4
2,6,20,21,24,25,2.4
16,27,28,38,39,47,2.4
2,9,12,23,24,32,2.4
5,6,13,21,29,31,2.4
2,20,21,23,38,49,2.4
8,15,20,24,40,43,2.4
2,15,20,25,26,45,2.4
1,3,6,14,22,36,2.4
18,19,20,22,26,35,2.4
1,12,14,16,33,40,2.4
4,8,19,26,31,47,2.4
3,24,28,31,38,42,2.4
13,15,25,29,37,40,2.4
17,20,24,35,43,46,2.4
5,10,12,32,41,49,2.4
10,13,21,24,40,42,2.4
13,15,20,31,36,40,2.4
2,9,12,16,28,39,2.4
4,7,12,14,17,43,2.4
5,8,25,30,31,35,2.4
2,24,26,36,37,46,2.4
3,12,14,29,32,41,2.4
6,16,32,37,39,44,2.4
2,10,11,26,35,44,2.4
1,3,8,22,30,35,2.4
15,25,28,32,34,42,2.4
2,16,25,27,32,39,2.4
4,8,17,24,29,46,2.4
9,13,15,28,33,44,2.4
3,22,29,39,43,46,2.4
4,9,12,29,30,33,2.4
1,6,14,20,27,29,2.4
10,11,12,26,30,41,2.4
8,12,13,21,25,29,2.4
7,11,16,32,33,47,2.4
5,7,13,20,32,41,2.4
6,16,21,30,40,47,2.4
11,18,19,32,35,39,2.4
17,22,24,25,36,48,2.4
1,6,10,13,32,33,2.4
2,3,30,33,40,46,2.4
11,14,18,33,45,47,2.4
5,7,28,31,44,49,2.4
2,18,28,30,34,46,2.4
3,12,14,21,34,36,2.4
3,7,13,34,35,49,2.4
2,9,17,26,30,40,2.4
2,7,13,17,25,28,2.4
16,22,34,35,41,48,2.4
7,12,13,18,21,24,2.4
1,3,11,15,42,46,2.4
2,26,29,45,46,47,2.4
10,29,30,38,39,45,2.4
6,16,24,39,46,47,2.4
12,14,20,24,31,37,2.4
1,14,15,16,30,33,2.4
12,14,15,33,39,46,2.4
3,19,24,41,42,45,2.4
6,8,17,19,24,26,2.4
13,16,27,29,40,46,2.4
2,5,38,40,44,49,2.4
3,10,26,32,40,49,2.4
5,8,9,23,29,30,2.4
6,25,26,33,34,35,2.4
11,15,17,29,38,45,2.4
11,17,33,35,45,49,2.4
12,16,17,37,42,48,2.4
5,7,13,22,24,32,2.4
6,15,28,39,43,48,2.4
2,3,7,13,21,22,2.4
3,10,26,30,33,43,2.4
3,14,15,28,33,42,2.4
6,13,20,28,44,48,2.4
9,17,25,26,47,48,2.4
6,8,16,19,21,33,2.4
10,13,17,34,38,49,2.4
14,21,22,25,30,38,2.4
21,29,38,45,47,49,2.4
7,9,10,17,30,31,2.4
26,30,35,36,42,43,2.4
4,5,8,22,34,46,2.4
7,13,20,31,47,48,2.4
8,11,16,17,32,36,2.4
13,17,36,37,44,45,2.4
4,17,23,38,41,49,2.4
14,17,28,31,32,47,2.4
1,6,20,25,26,45,2.4
4,11,13,23,31,40,2.4
5,14,27,42,44,49,2.4
5,12,15,24,28,45,2.4
7,17,29,31,37,40,2.4
1,8,22,34,39,47,2.4
4,13,15,25,27,31,2.4
6,8,18,19,48,49,2.4
13,23,26,27,40,44,2.4
3,28,32,36,37,40,2.4
7,17,26,32,34,38,2.4
3,13,19,22,32,36,2.4
12,19,28,29,40,45,2.4
5,9,24,27,38,43,2.4
10,12,18,34,41,44,2.4
9,16,19,27,36,47,2.4
3,15,17,25,42,47,2.4
10,26,29,32,42,46,2.4
7,20,21,24,29,32,2.4
3,15,19,22,30,45,2.4
8,15,17,20,21,31,2.4
1,19,25,38,43,45,2.4
1,3,26,37,39,42,2.4
17,18,22,24,34,44,2.4
15,18,35,46,48,49,2.4
4,6,7,14,15,22,2.4
4,11,25,31,36,43,2.4
10,24,27,29,33,39,2.4
20,28,30,36,45,48,2.4
3,4,10,16,26,48,2.4
9,21,28,36,38,46,2.4
1,23,28,33,45,49,2.4
12,27,28,34,37,39,2.4
10,18,23,37,38,47,2.4
1,20,31,38,45,49,2.4
14,17,22,25,45,46,2.4
1,10,22,30,45,47,2.4
1,4,11,18,33,44,2.4
3,6,9,12,20,41,2.4
4,10,15,22,24,45,2.4
3,4,6,7,15,25,2.4
5,18,22,24,30,34,2.4
7,19,36,41,44,48,2.4
14,21,24,26,38,44,2.4
7,10,11,23,24,28,2.4
15,20,22,36,37,44,2.4
13,20,26,36,42,44,2.4
1,11,12,34,46,48,2.4
4,5,11,33,44,47,2.4
3,9,11,17,22,31,2.4
19,24,26,35,42,45,2.4
2,20,27,29,33,44,2.4
14,17,21,28,29,36,2.4
3,6,11,27,39,45,2.4
21,22,23,44,46,49,2.4
5,21,29,41,44,46,2.4
11,13,20,32,33,41,2.4
12,16,34,38,42,44,2.4
1,5,7,9,38,45,2.4
4,5,22,35,36,43,2.4
21,35,42,43,44,45,2.4
3,4,8,21,22,24,2.4
3,4,12,20,33,35,2.4
10,17,26,34,35,44,2.4
13,15,16,27,30,38,2.4
7,13,15,18,31,47,2.4
9,11,16,40,46,47,2.4
1,13,17,28,44,47,2.4
2,5,36,43,45,48,2.4
3,5,14,31,34,38,2.4
13,33,35,46,48,49,2.4
12,24,32,42,44,48,2.4
2,6,11,15,16,19,2.4
3,7,20,23,40,43,2.4
1,15,28,32,40,44,2.4
15,16,21,27,33,41,2.4
8,26,28,38,43,44,2.4
9,22,34,39,41,45,2.4
8,12,21,34,41,49,2.4
8,26,27,35,38,48,2.4
12,13,14,22,26,29,2.4
8,17,37,38,43,48,2.4
28,30,35,36,40,49,2.4
10,11,18,22,23,38,2.4
5,14,15,18,40,42,2.4
2,6,10,36,38,45,2.4
9,18,32,36,38,47,2.4
9,24,26,30,35,36,2.4
13,15,20,29,40,49,2.4
14,15,37,40,42,45,2.4
22,24,28,37,41,48,2.4
3,4,18,19,33,34,2.4
15,27,34,40,43,48,2.4
20,27,30,38,47,49,2.4
5,13,20,24,39,43,2.4
9,17,18,30,32,38,2.4
8,22,27,38,44,48,2.4
5,13,18,23,30,32,2.4
7,8,14,18,35,42,2.4
17,24,29,30,37,40,2.4
2,10,11,16,30,39,2.4
17,18,22,32,33,34,2.4
5,10,14,28,34,45,2.4
4,5,23,31,39,44,2.4
19,24,27,28,34,43,2.4
1,14,17,19,21,45,2.4
1,24,30,31,38,43,2.4
2,4,15,29,33,48,2.4
11,12,25,36,42,48,2.4
3,7,23,26,45,48,2.4
2,5,17,19,42,45,2.4
6,15,27,28,29,44,2.4
6,12,32,35,37,48,2.4
4,9,13,19,35,43,2.4
1,2,5,9,10,13,2.4
2,3,11,33,44,45,2.4
14,15,27,28,29,35,2.4
17,24,26,43,46,49,2.4
15,23,30,33,45,47,2.4
3,20,27,33,40,48,2.4
3,4,6,16,45,48,2.4
3,4,8,32,39,49,2.4
7,13,26,38,45,46,2.4
1,13,22,26,42,47,2.4
9,10,20,34,35,40,2.4
5,18,19,28,34,46,2.4
3,7,20,27,38,45,2.4
12,14,19,23,33,46,2.4
1,10,17,25,31,40,2.4
1,5,15,32,42,49,2.4
2,16,30,31,40,42,2.4
6,10,13,24,31,46,2.4
20,22,31,34,39,46,2.4
9,18,29,30,38,44,2.4
1,5,12,37,39,43,2.4
10,12,21,22,29,31,2.4
11,21,23,42,45,47,2.4
8,12,30,33,45,46,2.4
4,8,21,23,25,49,2.4
2,10,16,33,40,43,2.4
16,17,23,25,28,36,2.4
9,12,16,21,29,43,2.4
6,20,29,30,36,44,2.4
10,14,30,37,42,45,2.4
3,9,13,24,39,44,2.4
3,6,7,21,41,45,2.4
9,14,15,23,25,39,2.4
9,14,15,19,27,46,2.4
2,4,23,25,28,33,2.4
2,3,10,28,33,44,2.4
4,5,8,9,20,49,2.4
13,21,28,29,32,40,2.4
1,9,16,32,37,38,2.4
7,19,31,38,41,46,2.4
21,22,26,32,38,39,2.4
3,9,13,22,25,44,2.4
1,8,10,28,40,49,2.4
1,3,4,35,37,48,2.4
11,12,13,14,24,45,2.4
7,13,25,28,36,39,2.4
2,12,13,16,41,43,2.4
8,9,21,35,38,48,2.4
14,15,27,42,43,49,2.4
1,9,11,12,13,19,2.4
2,5,11,21,27,44,2.4
7,16,25,34,37,46,2.4
21,24,28,34,42,44,2.4
8,14,17,18,24,33,2.4
4,8,14,22,26,27,2.4
2,8,18,30,44,46,2.4
2,9,10,15,43,46,2.4
6,29,30,36,43,48,2.4
6,18,23,32,39,49,2.4
2,8,10,21,27,47,2.4
13,20,21,25,40,49,2.4
14,19,24,28,47,49,2.4
5,10,18,27,36,46,2.4
14,16,21,26,32,37,2.4
2,13,16,20,24,43,2.4
1,5,14,15,28,41,2.4
14,15,34,35,45,49,2.4
15,20,26,28,35,36,2.4
1,8,23,36,38,44,2.4
12,16,17,21,32,36,2.4
5,12,23,35,36,38,2.4
3,16,19,27,41,48,2.4
7,22,34,37,41,45,2.4
1,2,3,8,33,37,2.4
1,7,16,21,26,32,2.4
11,12,15,30,33,36,2.4
1,6,11,28,31,42,2.4
5,26,27,29,39,49,2.4
5,13,20,24,27,38,2.4
2,29,31,40,41,48,2.4
13,17,23,26,31,48,2.4
6,13,17,18,23,33,2.4
3,17,29,39,40,49,2.4
6,18,27,29,43,45,2.4
7,19,20,22,39,43,2.4
5,18,21,28,29,33,2.4
5,9,24,31,45,46,2.4
14,19,28,31,37,48,2.4
4,5,10,36,38,44,2.4
2,11,12,14,33,37,2.4
1,2,27,34,45,48,2.4
2,5,8,25,29,47,2.4
7,8,13,14,36,44,2.4
1,11,23,31,37,41,2.4
4,12,26,34,37,38,2.4
9,20,25,30,36,40,2.4
15,20,22,33,35,42,2.4
13,24,30,35,43,49,2.4
8,11,32,33,36,38,2.4
16,21,22,32,42,44,2.4
9,17,19,23,46,48,2.4
21,23,24,36,38,43,2.4
2,4,15,20,22,29,2.4
1,8,17,18,22,44,2.4
15,27,34,37,47,48,2.4
8,10,27,33,43,44,2.4
8,11,19,29,32,33,2.4
12,14,15,16,30,48,2.4
1,7,12,14,26,37,2.4
6,12,31,36,42,49,2.4
5,6,12,13,18,24,2.4
6,14,21,28,34,38,2.4
16,17,18,24,35,43,2.4
17,22,26,38,39,49,2.4
2,16,22,42,44,45,2.4
18,20,27,33,34,40,2.4
23,30,39,44,46,47,2.4
5,7,8,11,19,35,2.4
6,29,34,35,36,41,2.4
13,15,22,25,29,42,2.4
6,15,23,24,34,43,2.4
1,15,17,18,35,38,2.4
4,13,25,27,47,48,2.4
26,28,31,32,42,44,2.4
7,19,22,32,37,46,2.4
4,15,24,30,41,45,2.4
5,11,12,22,31,48,2.4
10,33,40,43,44,45,2.4
4,9,12,22,36,41,2.4
10,15,18,20,40,49,2.4
1,33,35,36,40,46,2.4
10,14,19,20,42,49,2.4
6,12,13,26,30,35,2.4
1,7,25,29,37,38,2.4
3,9,12,17,28,40,2.4
1,14,20,25,47,48,2.4
32,36,40,41,44,49,2.4
6,17,20,30,41,42,2.4
3,4,10,13,23,32,2.4
9,11,13,26,29,43,2.4
3,7,22,28,44,46,2.4
12,19,26,27,33,37,2.4
1,26,34,36,42,45,2.4
8,16,42,43,44,47,2.4
1,25,38,40,46,47,2.4
6,8,33,34,47,48,2.4
29,33,42,44,45,47,2.4
13,17,28,29,48,49,2.4
6,11,16,17,21,40,2.4
14,27,30,33,39,42,2.4
9,13,18,23,45,48,2.4
1,6,18,25,42,45,2.4
4,6,20,27,34,42,2.4
9,13,24,36,42,48,2.4
17,33,38,39,40,47,2.4
14,21,26,38,40,46,2.4
3,20,26,32,42,46,2.4
7,8,13,14,22,48,2.4
2,5,34,40,42,47,2.4
2,3,16,23,26,42,2.4
5,26,27,43,45,46,2.4
1,32,34,36,40,49,2.4
5,6,24,32,34,40,2.4
5,10,35,37,47,49,2.4
5,8,32,43,47,49,2.4
1,7,8,18,19,20,2.4
13,16,25,28,41,42,2.4
9,14,16,27,35,45,2.4
13,15,18,27,30,34,2.4
4,25,26,29,31,49,2.4
1,9,10,11,31,37,2.4
11,13,17,28,32,49,2.4
5,14,21,26,35,40,2.4
5,18,20,26,33,49,2.4
14,15,19,34,36,41,2.4
2,10,21,33,35,44,2.4
3,14,21,28,32,36,2.4
1,8,27,33,34,35,2.4
3,5,6,16,18,39,2.4
12,22,29,37,44,48,2.4
10,11,13,27,35,40,2.4
9,13,18,19,25,36,2.4
1,4,7,28,33,49,2.4
1,5,6,11,20,42,2.4
1,7,12,23,33,37,2.4
8,9,20,24,31,43,2.4
6,14,24,26,34,42,2.4
14,31,33,34,40,47,2.4
10,19,26,29,3,2.4
4,11,20,25,32,39,30
